14072069
13032099
29102072
12052096
28061959
25051944
08062093
02062056
19092097
09091916
06092087
10062099
09092063
06101934
15101984
23122034
18081926
07072043
17081931
07112034
21102060
21052019
12121934
25071987
20061955
04092066
25012061
23011953
12112041
25122088
27052063
01081913
22082072
27062010
10091922
22042023
30041949
28092010
28102080
04121961
16081982
20021932
23062004
19111921
08121925
03022053
19051913
14041922
16062032
16112083
28012023
08082022
08092048
27121977
04081920
03031921
09101986
27082030
15062045
26051970
14082052
16092065
16081937
01042077
11091917
16081921
25121955
30112048
29081941
05032086
05051998
12051936
04121935
12031992
13061971
17051975
30102047
13092012
15041912
29101946
09111994
26092062
02051989
02121925
23062069
19122015
01122042
20021946
27112066
04121916
28101991
09032037
24112078
19062025
30101910
09021991
05041956
01102046
20061923
03112030
18072027
17042066
08122020
11042002
22041976
20012028
08051954
01091995
14061927
04072048
20011967
04112079
12101951
14121986
28091997
30071993
01032038
25081913
06021935
18072069
14082035
06092056
19041902
01032074
02072089
21101935
22121971
26051925
31081907
11072078
29091903
02071987
22041950
04062009
24092045
22071915
28021957
27061902
07121911
20092073
25111994
13092027
11092052
25052069
26072020
01111915
13041917
03092019
11071946
30102055
10021921
04082048
16072087
10022085
01112004
25121919
27102013
01072088
08041950
31082048
05031924
18022024
17032018
15032040
25052040
02111920
04031952
20012046
01011917
25011901
04102058
24041993
11062011
18072078
10031907
16032040
09071996
19122052
31032082
24062079
03082052
11122033
18042039
29102030
20042007
11072089
21042073
31051951
05032053
10081924
07052035
01071939
05051988
29032083
01011964
11041976
02042028
18102034
01111965
22112090